04.058
04.218
04.371
04.555
04.729
04.865
05.023
05.230
05.364
05.517
05.703
05.865
06.035
06.192
06.349
06.486
06.638
06.789
06.910
07.088
07.238
07.403
07.638
07.780
07.928
08.088
08.234
08.390
08.507
08.626
08.767
08.940
09.134
09.304
09.462
09.585
09.744
09.907
10.024
10.213
10.366
10.548
10.709
10.879
11.046
11.215
11.357
11.487
11.639
11.803
11.940
12.091
12.254
12.422
12.561
12.695
12.845
13.028
13.208
13.374
13.518
13.726
13.924
14.104
14.258
14.393
14.535
14.704
14.842
14.988
15.135
15.286
15.420
15.566
15.715
15.891
16.082
16.261
16.422
16.583
16.739
16.877
17.009
17.165
17.287
17.409
17.539
17.697
17.823
17.942
18.089
18.241
18.365
18.497
18.664
18.815
18.941
19.063
19.202
19.365
19.542
19.677
19.879
20.034
20.208
20.366
20.498
20.680
20.866
21.007
21.137
21.270
21.431
21.577
21.771
21.926
22.102
22.275
22.423
22.609
22.749
22.882
23.068
23.211
23.343
23.524
23.737
23.930
24.065
24.240
24.414
24.596
24.761
24.932
25.093
25.258
25.434
25.621
25.801
25.978
26.159
26.311
26.479
26.639
26.810
27.013
27.190
27.391
27.582
27.842
28.082
28.254
28.450
28.618
28.812
29.011
29.205
29.376
29.538
29.689
29.853
30.019
30.233
30.452
30.639
30.818
30.996
31.226
31.443
31.616
31.850
32.091
32.277
32.519
32.680
32.899
33.088
33.265
33.475
33.665
33.878
34.150
34.423
34.638
34.791
34.966
35.139
35.313
35.470
35.672
35.871
36.105
36.370
36.597
36.858
37.058
37.287
37.504
37.677
37.840
37.999
38.185
38.333
38.483
38.628
38.764
38.930
39.114
39.332
39.491
39.686
39.874
40.065
40.283
40.458
40.666
40.880
41.084
41.267
41.442
41.618
41.769
41.917
42.089
42.269
42.454
42.637
42.811
42.955
43.123
43.315
43.521
43.701
43.915
44.102
44.304
44.492
44.661
44.876
45.058
45.223
45.566
45.729
45.928
46.118
46.303
46.492
46.668
46.889
47.074
47.237
47.403
47.587
47.824
48.048
48.297
48.548
48.724
48.876
49.022
49.184
49.363
49.534
49.741
49.934
50.088
50.243
50.413
50.582
50.770
50.924
51.110
51.290
51.439
51.629
51.807
51.978
52.146
52.318
52.458
52.623
52.797
52.990
53.166
53.340
53.491
53.657
53.862
54.055
54.218
54.387
54.558
54.730
54.899
55.084
55.241
55.393
55.564
55.705
55.861
56.035
56.197
56.372
56.568
56.769
56.930
57.096
57.283
57.442
57.605
57.797
57.979
58.158
58.322
58.522
58.692
58.870
59.040
59.217
59.405
59.591
59.773
59.970
00.147
00.326
00.500
00.714
00.925
01.114
01.288
01.458
01.640
01.785
01.939
02.104
02.307
02.482
02.650
02.839
03.021
03.231
03.383
03.528
03.699
03.857
04.006
04.183
04.332
04.489
04.636
04.839
05.018
05.189
05.381
05.565
05.722
05.882
06.036
06.190
06.368
06.546
06.785
06.949
07.113
07.268
07.434
07.594
07.748
07.900
08.056
08.209
08.388
08.547
08.730
08.904
09.072
09.248
09.410
09.578
09.766
09.958
10.142
10.297
10.482
10.654
10.856
11.030
11.174
11.334
11.500
11.656
11.855
12.027
12.199
12.380
12.548
12.708
12.866
13.032
13.192
13.327
13.462
13.595
13.732
13.909
14.068
14.234
14.396
14.566
14.733
14.930
15.090
15.274
15.481
15.655
15.819
16.014
16.188
16.345
16.506
16.656
16.797
16.967
17.140
17.335
17.477
17.646
17.851
18.043
18.206
18.425
18.599
18.760
18.924
19.078
19.227
19.371
19.530
19.719
19.922
20.095
20.285
20.482
20.672
20.862
21.004
21.159
21.316
21.461
21.609
21.756
21.911
22.108
22.276
22.456
22.633
22.790
22.938
23.094
23.241
23.381
23.514
23.654
23.802
23.955
24.108
24.251
24.391
24.529
24.687
24.849
24.993
25.187
25.357
25.522
25.671
25.857
26.043
26.202
26.360
26.517
26.650
26.822
26.990
27.176
27.343
27.493
27.629
27.770
27.923
28.067
28.211
28.359
28.495
28.669
28.839
29.002
29.178
29.325
29.461
29.615
29.763
29.939
30.088
30.247
30.410
30.559
30.711
30.857
31.020
31.151
31.300
31.456
31.605
31.752
31.896
32.048
32.209
32.330
32.470
32.601
32.728
32.871
33.011
33.142
33.263
33.386
33.523
33.657
33.836
34.007
34.129
34.283
34.437
34.565
34.742
34.903
35.049
35.193
35.322
35.491
35.650
35.783
35.940
36.068
36.207
36.380
36.538
36.696
36.821
36.950
37.089
37.218
37.372
37.540
37.669
37.795
37.961
38.128
38.306
38.438
38.568
38.689
38.813
38.941
39.078
39.233
39.404
39.531
39.674
39.830
39.976
40.107
40.228
40.367
40.501
40.632
40.757
40.873
40.999
41.125
41.283
41.415
41.543
41.701
41.836
41.982
42.120
42.261
42.411
42.573
42.714
42.852
43.001
43.153
43.286
43.426
43.561
43.727
43.874
44.027
44.197
44.328
44.457
44.592
44.732
44.896
45.069
45.223
45.375
45.569
45.760
45.948
46.076
46.221
46.370
46.501
46.649
46.780
46.929
47.084
47.225
47.346
47.481
47.637
47.771
47.917
48.086
48.239
48.380
48.524
48.677
48.824
48.969
49.099
49.251
49.400
49.537
49.697
49.861
50.010
50.184
50.332
50.466
50.607
50.761
50.882
51.007
51.160
51.329
51.465
51.630
51.796
51.939
52.080
52.227
52.388
52.523
52.662
52.805
52.978
53.123
53.263
53.390
53.544
53.691
53.859
54.033
54.166
54.294
54.441
54.576
54.729
54.866
54.993
55.131
55.254
55.390
55.514
55.630
55.766
55.895
56.020
56.147
56.282
56.446
56.620
56.774
56.954
57.127
57.294
57.441
57.603
57.779
57.925
58.074
58.236
58.383
58.515
58.656
58.869
59.056
59.229
59.397
59.576
59.739
59.905
00.073
00.248
00.434
00.625
00.765
00.941
01.112
01.281
01.418
01.557
01.702
01.869
02.064
02.199
02.361
02.510
02.648
02.789
02.956
03.105
03.291
03.469
03.653
03.845
04.046
04.192
04.359
04.494
04.691
04.865
05.017
05.165
05.314
05.491
05.640
05.807
05.948
06.105
06.266
06.413
06.593
06.741
06.902
07.046
07.220
07.402
07.575
07.722
07.911
08.067
08.260
08.389
08.538
08.688
08.823
08.990
09.151
09.325
09.475
09.601
09.750
09.916
10.085
10.274
10.456
10.597
10.750
10.942
11.121
11.268
11.451
11.638
11.802
11.952
12.105
12.278
12.455
12.636
12.785
12.937
13.095
13.282
13.423
13.581
13.731
13.872
14.015
14.191
14.359
14.517
14.702
14.901
15.061
15.250
15.413
15.558
15.724
15.888
16.074
16.262
16.459
16.643
16.819
16.995
17.162
17.312
17.454
17.616
17.786
17.932
18.086
18.257
18.418
18.581
18.756
18.958
19.139
19.280
19.429
19.572
19.712
19.909
20.075
20.252
20.428
20.576
20.750
20.953
21.124
21.292
21.466
21.638
21.832
22.026
22.220
22.421
22.574
22.734
22.906
23.104
23.279
23.470
23.630
23.842
24.056
24.238
24.406
24.602
24.746
24.878
25.009
25.155
25.344
25.523
25.706
25.879
26.015
26.180
26.316
26.461
26.643
26.828
27.004
27.228
27.412
27.604
27.787
27.951
28.121
28.324
28.493
28.634
28.789
28.938
29.100
29.220
29.358
29.524
29.660
29.785
29.935
30.088
30.246
30.392
30.586
30.734
30.885
31.033
31.172
31.343
31.492
31.630
31.796
31.952
32.156
32.307
32.480
32.620
32.761
32.891
33.041
33.213
33.362
33.521
33.674
33.822
33.970
34.107
34.297
34.482
34.651
34.838
35.010
35.191
35.334
35.536
35.711
35.870
36.005
36.177
36.351
36.522
36.711
36.904
37.072
37.243
37.422
37.599
37.786
37.965
38.153
38.355
38.566
38.762
38.955
39.103
39.237
39.372
39.526
39.699
39.835
39.982
40.164
40.311
40.460
40.614
40.740
40.871
40.998
41.147
41.287
41.426
41.584
41.754
41.925
42.106
42.247
42.389
42.531
42.663
42.792
42.934
43.094
43.253
43.447
43.631
43.778
43.926
44.070
44.241
44.416
44.589
44.742
44.916
45.067
45.239
45.438
45.635
45.786
45.950
46.125
46.280
46.405
46.560
46.711
46.862
47.016
47.209
47.384
47.539
47.705
47.857
48.049
48.242
48.415
48.578
48.709
48.876
49.000
49.133
49.271
49.411
49.538
49.704
49.852
50.026
50.225
50.391
50.572
50.737
50.878
51.016
51.155
51.332
51.518
51.666
51.810
52.008
52.163
52.349
52.505
52.673
52.824
53.001
53.135
53.293
53.455
53.647
53.790
53.945
54.089
54.265
54.417
54.618
54.810
54.975
55.169
55.515
55.746
55.978
56.336
56.787
57.140
57.417
57.759
58.045
58.385
58.723
59.110
59.400
59.683
00.006
00.343
00.647
00.958
01.248
01.579
01.900
02.164
02.346
02.566
02.871
03.182
03.465
03.659
03.928
04.108
04.342
04.592
04.883
05.147
05.374
05.591
05.820
06.076
06.316
06.656
06.899
07.164
07.480
07.745
08.068
08.325
08.612
08.860
09.117
09.341
09.610
09.887
10.154
10.413
10.673
10.932
