01.219
01.365
01.514
01.673
01.819
01.947
02.125
02.280
02.426
02.547
02.682
02.894
03.094
03.276
03.456
03.617
03.760
03.928
04.067
04.242
04.455
04.583
04.722
04.905
05.078
05.273
05.422
05.575
05.728
05.861
06.010
06.161
06.302
06.425
06.585
06.770
06.930
07.075
07.227
07.388
07.522
07.672
07.844
08.000
08.117
08.253
08.396
08.574
08.712
08.880
09.031
09.169
09.325
09.479
09.634
09.768
09.918
10.066
10.235
10.370
10.508
10.673
10.842
10.997
11.159
11.308
11.479
11.619
11.791
11.943
12.076
12.204
12.349
12.504
12.676
12.857
12.997
13.165
13.307
13.479
13.637
13.781
13.968
14.138
14.312
14.451
14.595
14.737
14.922
15.095
15.262
15.418
15.570
15.715
15.856
16.002
16.154
16.297
16.461
16.604
16.742
16.906
17.033
17.188
17.337
17.493
17.627
17.761
17.895
18.047
18.213
18.357
18.504
18.657
18.813
18.947
19.118
19.298
19.468
19.643
19.790
19.933
20.097
20.307
20.483
20.638
20.793
20.918
21.082
21.243
21.407
21.569
21.704
21.843
22.001
22.128
22.258
22.424
22.581
22.751
22.923
23.089
23.272
23.443
23.605
23.775
23.908
24.052
24.203
24.362
24.522
24.668
24.822
24.959
25.086
25.228
25.421
25.586
25.767
25.946
26.127
26.309
26.465
26.595
26.761
26.920
27.070
27.215
27.384
27.528
27.676
27.841
27.990
28.135
28.279
28.448
28.609
28.764
28.910
29.081
29.226
29.365
29.513
29.641
29.763
29.878
30.008
30.133
30.269
30.416
30.619
30.789
30.948
31.089
31.244
31.408
31.556
31.703
31.851
32.023
32.169
32.319
32.505
32.645
32.791
32.950
33.095
33.273
33.437
33.570
33.736
33.918
34.102
34.252
34.396
34.543
34.706
34.856
35.001
35.144
35.320
35.477
35.621
35.791
35.957
36.098
36.223
36.342
36.471
36.649
36.813
36.943
37.092
37.248
37.399
37.553
37.700
37.856
37.982
38.116
38.273
38.413
38.590
38.710
38.869
39.029
39.192
39.341
39.486
39.662
39.801
39.952
40.114
40.247
40.403
40.560
40.723
40.859
40.999
41.164
41.314
41.480
41.607
41.757
41.901
42.093
42.238
42.414
42.548
42.699
42.850
43.028
43.205
43.341
43.501
43.662
43.834
43.980
44.141
44.285
44.481
44.636
44.804
44.976
45.146
45.306
45.446
45.568
45.712
45.865
45.998
46.161
46.299
46.435
46.564
46.702
46.847
47.017
47.158
47.321
47.508
47.695
47.849
48.030
48.212
48.368
48.531
48.664
48.807
48.938
49.082
49.233
49.397
49.553
49.710
49.843
49.987
50.132
50.323
50.497
50.626
50.770
50.966
51.122
51.265
51.425
51.570
51.726
51.897
52.071
52.248
52.395
52.603
52.810
53.000
53.185
53.342
53.511
53.693
53.866
54.048
54.226
54.404
54.560
54.749
54.922
55.085
55.275
55.452
55.612
55.771
55.950
56.144
56.318
56.515
56.665
56.818
56.974
57.136
57.326
57.504
57.688
57.844
58.028
58.230
58.405
58.574
58.720
58.889
59.054
59.233
59.424
59.602
59.758
59.923
00.098
00.246
00.436
00.599
00.771
00.954
01.167
01.328
01.508
01.671
01.840
02.025
02.181
02.324
02.483
02.635
02.834
03.002
03.198
03.354
03.535
03.713
03.884
04.091
04.287
04.455
04.635
04.794
04.988
05.177
05.364
05.553
05.738
05.971
06.146
06.307
06.452
06.616
06.764
06.919
07.089
07.279
07.428
07.620
07.789
07.990
08.202
08.361
08.580
08.768
08.971
09.137
09.323
09.523
09.691
09.861
10.037
10.184
10.337
10.510
10.698
10.870
11.040
11.241
11.428
11.598
11.764
11.917
12.121
12.340
12.564
12.733
12.892
13.062
13.254
13.408
13.634
13.872
14.074
14.259
14.455
14.603
14.757
14.926
15.134
15.326
15.513
15.684
15.887
16.072
16.225
16.404
16.594
16.743
16.933
17.142
17.325
17.492
17.651
17.814
17.997
18.150
18.291
18.428
18.602
18.756
18.913
19.078
19.275
19.444
19.603
19.788
19.936
20.096
20.292
20.499
20.644
20.821
20.987
21.145
21.313
21.474
21.637
21.808
21.986
22.162
22.346
22.570
22.756
22.926
23.107
23.316
23.469
23.648
23.847
24.037
24.250
24.411
24.612
24.765
24.964
25.107
25.263
25.432
25.586
25.757
25.926
26.132
26.281
26.473
26.667
26.840
26.998
27.161
27.321
27.490
27.657
27.829
27.978
28.152
28.370
28.553
28.757
28.923
29.094
29.264
29.445
29.649
29.851
30.039
30.226
30.409
30.616
30.816
31.021
31.216
31.429
31.613
31.812
32.032
32.231
32.417
32.584
32.811
33.008
33.187
33.421
33.663
33.885
34.083
34.254
34.429
34.616
34.787
34.956
35.112
35.258
35.415
35.588
35.741
35.907
36.053
36.234
36.374
36.522
36.667
36.816
36.990
37.151
37.350
37.547
37.719
37.878
38.061
38.229
38.404
38.612
38.831
39.043
39.236
39.406
39.625
39.817
39.999
40.184
40.365
40.578
40.789
41.002
41.214
41.435
41.651
41.919
42.157
42.366
42.563
42.792
43.030
43.262
43.531
43.737
43.922
44.066
44.242
44.448
44.650
44.879
45.074
45.293
45.463
45.614
45.822
45.989
46.158
46.317
46.483
46.638
46.772
46.918
47.056
47.202
47.354
47.546
47.794
48.013
48.217
48.404
48.607
48.804
48.965
49.112
49.276
49.437
49.596
49.749
49.930
50.149
50.349
50.540
50.756
51.015
51.234
51.434
51.611
51.768
51.913
52.051
52.198
52.350
52.484
52.621
52.778
52.938
53.095
53.233
53.427
53.578
53.726
53.894
54.033
54.175
54.314
54.466
54.638
54.788
54.930
55.092
55.270
55.461
55.609
55.750
55.918
56.063
56.261
56.410
56.574
56.739
56.908
57.057
57.214
57.372
57.567
57.714
57.890
58.039
58.229
58.428
58.627
58.793
58.967
59.118
59.303
59.502
59.691
59.854
00.079
00.260
00.424
00.609
00.787
00.945
01.111
01.299
01.506
01.666
01.838
01.984
02.113
02.247
02.394
02.529
02.645
02.804
02.958
03.081
03.203
03.352
03.518
03.674
03.818
03.986
04.127
04.268
04.394
04.541
04.671
04.858
05.029
05.266
05.424
05.585
05.760
05.898
06.051
06.182
06.337
06.478
06.644
06.780
06.938
07.094
07.218
07.389
07.531
07.672
07.853
07.996
08.122
08.300
08.443
08.604
08.737
08.908
09.087
09.244
09.393
09.523
09.684
09.802
09.920
10.039
10.174
10.338
10.491
10.621
10.804
10.948
11.075
11.200
11.364
11.499
11.633
11.809
11.973
12.100
12.224
12.360
12.490
12.694
12.833
12.985
13.106
13.231
13.358
13.511
13.680
13.861
14.022
14.150
14.309
14.426
14.595
14.762
14.922
15.092
15.258
15.444
15.578
15.711
15.869
16.068
16.219
16.368
16.509
16.652
16.782
16.916
17.078
17.208
17.350
17.469
17.592
17.723
17.859
18.015
18.187
18.356
18.523
18.641
18.783
18.935
19.103
19.249
19.401
19.547
19.731
19.907
20.076
20.233
20.393
20.541
20.709
20.875
21.021
21.166
21.308
21.427
21.546
21.667
21.838
21.970
22.106
22.241
22.404
22.529
22.670
22.823
22.948
23.075
23.204
23.353
23.506
23.639
23.765
23.899
24.021
24.153
24.305
24.478
24.626
24.770
24.909
25.072
25.201
25.363
25.493
25.668
25.842
26.008
26.167
26.311
26.446
26.577
26.698
26.832
26.954
27.078
27.197
27.309
27.423
27.541
27.659
27.777
27.902
28.020
28.141
28.266
28.382
28.505
28.642
28.775
28.924
29.097
29.266
29.426
29.591
29.711
29.851
29.992
30.117
30.270
30.406
30.551
30.694
30.824
30.972
31.102
31.269
31.433
31.599
31.755
31.909
32.073
32.242
32.397
32.530
32.659
32.801
32.934
33.060
33.235
33.390
33.539
33.676
33.833
33.978
34.164
34.331
34.489
34.627
34.751
34.903
35.054
35.236
35.393
35.566
35.683
35.806
35.934
36.071
36.231
36.366
36.498
36.658
36.863
37.050
37.196
37.365
37.487
37.611
37.748
37.925
38.100
38.272
38.428
38.605
38.753
38.916
39.069
39.218
39.386
39.566
39.741
39.904
40.074
40.230
40.354
40.482
40.630
40.755
40.909
41.073
41.253
41.431
41.580
41.754
41.907
42.043
42.216
42.370
42.543
42.677
42.838
43.003
43.182
43.344
43.512
43.685
43.832
43.963
44.103
44.259
44.388
44.521
44.687
44.820
44.958
45.088
45.220
45.347
45.489
45.634
45.757
45.882
46.001
46.128
46.270
46.411
46.559
46.686
46.833
46.994
47.149
47.328
47.476
47.635
47.806
48.005
48.162
48.316
48.489
48.623
48.787
48.905
49.022
49.147
49.290
49.439
49.587
49.730
49.856
49.972
50.098
50.228
50.381
50.512
50.664
50.835
51.003
51.160
51.308
51.506
51.664
51.834
52.001
52.133
52.262
52.411
52.560
52.702
52.905
53.085
53.218
53.335
53.476
53.616
53.792
53.952
54.126
54.291
54.452
54.617
54.772
54.918
55.048
55.198
55.342
55.478
55.608
55.735
55.883
56.028
56.201
56.454
56.609
56.756
56.926
57.080
57.256
57.420
57.577
57.724
57.902
58.077
58.202
