04.046
04.184
04.355
04.525
04.707
04.852
05.005
05.200
05.349
05.501
05.670
05.838
06.012
06.171
06.335
06.471
06.620
06.772
06.895
07.067
07.221
07.381
07.619
07.765
07.910
08.070
08.218
08.377
08.496
08.613
08.752
08.914
09.110
09.285
09.437
09.570
09.724
09.893
10.008
10.189
10.346
10.521
10.692
10.858
11.026
11.193
11.338
11.471
11.611
11.779
11.926
12.072
12.232
12.403
12.539
12.675
12.833
12.998
13.189
13.341
13.496
13.703
13.898
14.086
14.241
14.379
14.515
14.684
14.830
14.966
15.115
15.262
15.402
15.549
15.691
15.866
16.059
16.239
16.409
16.556
16.722
16.864
16.991
17.147
17.273
17.396
17.527
17.684
17.809
17.929
18.062
18.222
18.350
18.485
18.641
18.799
18.927
19.049
19.182
19.347
19.516
19.660
19.851
20.014
20.190
20.347
20.485
20.661
20.839
20.991
21.120
21.256
21.408
21.561
21.741
21.911
22.065
22.253
22.408
22.587
22.730
22.860
23.046
23.195
23.331
23.503
23.713
23.911
24.046
24.224
24.386
24.571
24.744
24.914
25.074
25.236
25.418
25.606
25.784
25.957
26.134
26.295
26.453
26.626
26.785
26.985
27.171
27.375
27.560
27.811
28.057
28.239
28.421
28.603
28.794
28.987
29.184
29.360
29.522
29.676
29.837
29.996
30.207
30.426
30.617
30.790
30.973
31.206
31.421
31.596
31.826
32.065
32.256
32.487
32.660
32.878
33.071
33.241
33.454
33.641
33.857
34.117
34.389
34.615
34.774
34.939
35.121
35.289
35.438
35.655
35.848
36.085
36.345
36.567
36.831
37.027
37.260
37.480
37.657
37.821
37.983
38.168
38.319
38.466
38.612
38.750
38.901
39.097
39.308
39.466
39.671
39.852
40.039
40.261
40.431
40.633
40.861
41.056
41.249
41.424
41.602
41.752
41.899
42.069
42.244
42.436
42.608
42.793
42.934
43.104
43.294
43.481
43.668
43.893
44.085
44.276
44.473
44.636
44.857
45.033
45.208
45.542
45.715
45.911
46.093
46.284
46.467
46.650
46.866
47.048
47.221
47.386
47.553
47.775
48.020
48.278
48.485
48.704
48.861
49.007
49.158
49.346
49.516
49.710
49.915
50.073
50.215
50.393
50.561
50.752
50.908
51.083
51.267
51.425
51.612
51.790
51.958
52.123
52.301
52.443
52.598
52.781
52.976
53.148
53.312
53.475
53.629
53.841
54.036
54.201
54.368
54.533
54.705
54.874
55.056
55.228
55.371
55.536
55.689
55.847
56.011
56.175
56.345
56.554
56.727
56.909
57.077
57.259
57.426
57.577
57.774
57.956
58.141
58.301
58.502
58.673
58.848
59.021
59.184
59.382
59.559
59.759
59.938
00.130
00.307
00.474
00.678
00.906
01.095
01.272
01.441
01.621
01.771
01.924
02.084
02.285
02.458
02.626
02.824
02.999
03.207
03.368
03.511
03.673
03.840
03.992
04.165
04.316
04.474
04.621
04.816
05.000
05.162
05.352
05.545
05.708
05.859
06.021
06.166
06.346
06.526
06.758
06.935
07.091
07.248
07.417
07.579
07.734
07.870
08.038
08.188
08.367
08.532
08.702
08.883
09.057
09.227
09.393
09.551
09.744
09.933
10.109
10.281
10.461
10.627
10.836
11.005
11.157
11.321
11.478
11.636
11.832
12.009
12.177
12.363
12.533
12.677
12.852
13.018
13.174
13.312
13.447
13.580
13.718
13.894
14.049
14.217
14.376
14.542
14.716
14.903
15.074
15.252
15.465
15.629
15.799
15.986
16.174
16.322
16.477
16.637
16.784
16.948
17.117
17.316
17.462
17.623
17.826
18.027
18.191
18.405
18.584
18.745
18.899
19.061
19.212
19.356
19.513
19.702
19.905
20.070
20.265
20.456
20.654
20.848
20.989
21.144
21.299
21.443
21.589
21.742
21.892
22.075
22.254
22.441
22.613
22.774
22.923
23.076
23.222
23.365
23.499
23.640
23.787
23.939
24.089
24.237
24.377
24.515
24.668
24.829
24.977
25.162
25.338
25.507
25.649
25.838
26.025
26.175
26.342
26.491
26.633
26.802
26.972
27.143
27.315
27.477
27.616
27.757
27.896
28.050
28.197
28.346
28.477
28.644
28.809
28.982
29.152
29.308
29.447
29.601
29.746
29.922
30.065
30.228
30.388
30.536
30.687
30.833
31.005
31.129
31.279
31.439
31.590
31.736
31.878
32.037
32.190
32.317
32.456
32.583
32.712
32.858
32.994
33.125
33.250
33.374
33.506
33.637
33.824
33.990
34.110
34.268
34.420
34.548
34.725
34.880
35.033
35.179
35.307
35.476
35.637
35.762
35.920
36.054
36.188
36.355
36.520
36.680
36.807
36.934
37.067
37.204
37.352
37.523
37.650
37.781
37.939
38.109
38.292
38.424
38.555
38.676
38.800
38.920
39.057
39.221
39.378
39.516
39.650
39.804
39.960
40.094
40.213
40.340
40.487
40.619
40.744
40.860
40.986
41.113
41.265
41.400
41.525
41.683
41.822
41.965
42.105
42.240
42.399
42.556
42.699
42.830
42.977
43.135
43.272
43.410
43.545
43.708
43.858
44.009
44.178
44.307
44.441
44.567
44.711
44.880
45.053
45.210
45.352
45.551
45.741
45.934
46.063
46.200
46.355
46.485
46.634
46.757
46.916
47.069
47.206
47.334
47.469
47.622
47.753
47.901
48.065
48.220
48.366
48.504
48.660
48.800
48.956
49.086
49.224
49.377
49.515
49.677
49.847
49.990
50.170
50.315
50.451
50.589
50.746
50.869
50.991
51.132
51.316
51.450
51.616
51.780
51.925
52.060
52.211
52.368
52.511
52.638
52.789
52.954
53.111
53.246
53.376
53.529
53.672
53.839
54.018
54.153
54.277
54.423
54.556
54.716
54.853
54.980
55.113
55.239
55.375
55.498
55.617
55.752
55.884
56.006
56.134
56.263
56.426
56.603
56.749
56.932
57.107
57.271
57.428
57.585
57.756
57.901
58.060
58.221
58.365
58.498
58.641
58.854
59.038
59.213
59.382
59.563
59.720
59.889
00.060
00.226
00.406
00.597
00.749
00.919
01.091
01.264
01.397
01.539
01.676
01.853
02.043
02.184
02.337
02.488
02.623
02.775
02.940
03.091
03.261
03.446
03.639
03.821
04.027
04.176
04.336
04.474
04.678
04.845
04.997
05.151
05.297
05.469
05.622
05.790
05.930
06.085
06.251
06.385
06.569
06.717
06.886
07.027
07.199
07.386
07.560
07.700
07.895
08.049
08.245
08.374
08.522
08.667
08.809
08.968
09.131
09.304
09.458
09.586
09.735
09.895
10.072
10.252
10.438
10.584
10.728
10.928
11.092
11.251
11.425
11.609
11.784
11.938
12.081
12.261
12.436
12.619
12.767
12.919
13.075
13.262
13.407
13.567
13.716
13.850
14.001
14.173
14.338
14.491
14.683
14.872
15.043
15.231
15.395
15.545
15.700
15.868
16.057
16.239
16.435
16.611
16.796
16.974
17.140
17.296
17.439
17.599
17.767
17.907
18.069
18.233
18.399
18.562
18.739
18.929
19.125
19.265
19.411
19.558
19.697
19.890
20.063
20.227
20.406
20.559
20.734
20.935
21.089
21.275
21.437
21.616
21.807
22.003
22.201
22.409
22.556
22.713
22.888
23.083
23.259
23.448
23.613
23.820
24.025
24.216
24.385
24.582
24.729
24.863
24.995
25.130
25.326
25.500
25.680
25.862
26.000
26.167
26.300
26.436
26.624
26.807
26.983
27.202
27.387
27.579
27.768
27.937
28.096
28.306
28.478
28.615
28.771
28.917
29.085
29.207
29.339
29.509
29.646
29.769
29.922
30.072
30.226
30.378
30.564
30.718
30.871
31.016
31.157
31.312
31.478
31.611
31.770
31.934
32.138
32.292
32.462
32.599
32.745
32.877
33.019
33.196
33.345
33.508
33.658
33.805
33.950
34.092
34.273
34.466
34.633
34.823
34.987
35.167
35.313
35.514
35.686
35.848
35.992
36.144
36.330
36.497
36.688
36.881
37.051
37.228
37.393
37.580
37.765
37.933
38.126
38.334
38.545
38.732
38.929
39.083
39.223
39.358
39.512
39.676
39.815
39.963
40.138
40.297
40.443
40.595
40.726
40.856
40.984
41.132
41.263
41.412
41.567
41.734
41.913
42.091
42.231
42.374
42.517
42.647
42.778
42.911
43.080
43.229
43.427
43.603
43.759
43.906
44.055
44.218
44.397
44.573
44.720
44.904
45.044
45.219
45.418
45.613
45.769
45.933
46.105
46.259
46.391
46.535
46.690
46.848
46.999
47.191
47.369
47.520
47.680
47.830
48.028
48.223
48.392
48.563
48.693
48.863
48.986
49.117
49.258
49.397
49.523
49.678
49.828
49.991
50.200
50.377
50.557
50.718
50.863
51.000
51.139
51.302
51.485
51.653
51.784
51.991
52.145
52.326
52.489
52.655
52.805
52.987
53.121
53.268
53.434
53.630
53.775
53.931
54.067
54.252
54.396
54.603
54.780
54.960
55.142
55.455
55.722
55.960
56.299
56.732
57.114
57.397
57.718
58.018
58.353
58.685
59.076
59.377
59.659
59.959
00.318
00.624
00.939
01.219
01.541
01.871
02.129
02.330
02.541
02.837
03.145
03.412
03.639
03.886
04.081
04.313
04.554
04.857
05.123
05.341
05.559
05.799
06.053
06.294
06.627
06.862
07.139
07.439
07.720
08.030
08.305
08.590
08.838
09.086
09.318
09.577
09.867
10.124
10.390
10.642
10.903
