01.201
01.345
01.496
01.656
01.800
01.927
02.109
02.257
02.405
02.534
02.667
02.874
03.082
03.263
03.433
03.598
03.743
03.905
04.049
04.222
04.428
04.570
04.703
04.887
05.044
05.254
05.407
05.540
05.715
05.848
05.974
06.146
06.285
06.415
06.561
06.744
06.908
07.061
07.209
07.373
07.509
07.651
07.824
07.981
08.104
08.239
08.379
08.560
08.693
08.858
09.012
09.151
09.303
09.463
09.621
09.756
09.894
10.051
10.215
10.359
10.492
10.649
10.826
10.970
11.140
11.293
11.464
11.605
11.770
11.928
12.062
12.190
12.337
12.485
12.643
12.836
12.974
13.146
13.287
13.459
13.613
13.761
13.947
14.120
14.285
14.436
14.579
14.723
14.903
15.075
15.245
15.402
15.552
15.699
15.833
15.984
16.143
16.282
16.446
16.589
16.724
16.882
17.017
17.176
17.318
17.471
17.604
17.746
17.878
18.032
18.193
18.343
18.488
18.636
18.792
18.932
19.105
19.284
19.447
19.623
19.775
19.915
20.082
20.287
20.467
20.623
20.765
20.904
21.056
21.229
21.387
21.554
21.687
21.825
21.984
22.113
22.242
22.403
22.562
22.734
22.903
23.072
23.255
23.423
23.585
23.757
23.888
24.032
24.184
24.343
24.507
24.653
24.805
24.942
25.072
25.206
25.402
25.568
25.750
25.921
26.111
26.288
26.446
26.581
26.736
26.900
27.053
27.199
27.365
27.507
27.651
27.824
27.979
28.118
28.265
28.424
28.593
28.743
28.895
29.063
29.212
29.344
29.499
29.621
29.751
29.866
29.989
30.119
30.249
30.390
30.600
30.775
30.929
31.072
31.228
31.382
31.542
31.686
31.834
32.004
32.148
32.299
32.486
32.623
32.776
32.935
33.072
33.244
33.422
33.556
33.720
33.878
34.084
34.240
34.381
34.527
34.686
34.834
34.975
35.127
35.302
35.461
35.602
35.765
35.939
36.081
36.210
36.330
36.458
36.636
36.798
36.928
37.076
37.226
37.384
37.533
37.681
37.842
37.965
38.102
38.256
38.395
38.577
38.695
38.853
39.015
39.175
39.325
39.471
39.646
39.784
39.933
40.099
40.230
40.381
40.543
40.710
40.844
40.986
41.146
41.298
41.465
41.594
41.742
41.871
42.076
42.215
42.399
42.535
42.677
42.837
43.008
43.190
43.322
43.482
43.643
43.809
43.967
44.121
44.266
44.467
44.619
44.788
44.959
45.130
45.287
45.428
45.552
45.687
45.846
45.986
46.147
46.283
46.419
46.549
46.689
46.825
47.000
47.136
47.306
47.486
47.680
47.827
48.012
48.196
48.347
48.517
48.651
48.790
48.925
49.067
49.212
49.384
49.538
49.696
49.829
49.973
50.108
50.300
50.482
50.612
50.745
50.950
51.111
51.248
51.400
51.553
51.704
51.879
52.053
52.233
52.381
52.580
52.796
52.981
53.168
53.328
53.488
53.669
53.847
54.029
54.203
54.384
54.537
54.731
54.905
55.068
55.253
55.437
55.595
55.753
55.932
56.113
56.302
56.497
56.651
56.805
56.958
57.121
57.298
57.479
57.672
57.827
58.012
58.211
58.386
58.555
58.699
58.867
59.037
59.214
59.403
59.584
59.738
59.902
00.079
00.230
00.416
00.579
00.753
00.936
01.143
01.311
01.492
01.647
01.825
02.008
02.167
02.310
02.464
02.622
02.813
02.974
03.180
03.342
03.517
03.693
03.866
04.074
04.263
04.433
04.615
04.770
04.972
05.157
05.345
05.533
05.721
05.952
06.121
06.288
06.435
06.601
06.749
06.903
07.069
07.254
07.406
07.603
07.774
07.964
08.184
08.346
08.561
08.751
08.948
09.119
09.296
09.499
09.672
09.842
10.020
10.169
10.315
10.478
10.679
10.853
11.017
11.223
11.400
11.583
11.748
11.901
12.098
12.312
12.547
12.714
12.876
13.045
13.235
13.389
13.619
13.846
14.044
14.233
14.437
14.588
14.741
14.910
15.116
15.305
15.479
15.669
15.855
16.046
16.203
16.388
16.572
16.729
16.913
17.118
17.302
17.473
17.635
17.800
17.983
18.133
18.275
18.415
18.582
18.738
18.893
19.055
19.252
19.428
19.586
19.766
19.923
20.082
20.275
20.480
20.625
20.796
20.970
21.129
21.284
21.454
21.622
21.783
21.966
22.140
22.311
22.543
22.741
22.901
23.084
23.298
23.452
23.627
23.830
24.023
24.236
24.393
24.597
24.744
24.946
25.092
25.246
25.413
25.567
25.734
25.903
26.119
26.261
26.456
26.652
26.825
26.983
27.143
27.302
27.473
27.637
27.813
27.962
28.122
28.350
28.530
28.743
28.906
29.080
29.247
29.407
29.622
29.828
30.016
30.202
30.391
30.597
30.797
31.001
31.197
31.409
31.593
31.786
32.016
32.214
32.396
32.567
32.776
32.991
33.169
33.397
33.642
33.867
34.065
34.235
34.411
34.592
34.772
34.940
35.093
35.241
35.390
35.571
35.723
35.891
36.038
36.209
36.360
36.507
36.652
36.802
36.967
37.134
37.332
37.530
37.702
37.862
38.044
38.208
38.387
38.587
38.815
39.027
39.212
39.381
39.608
39.798
39.982
40.168
40.348
40.560
40.758
40.978
41.191
41.411
41.628
41.901
42.139
42.348
42.544
42.775
43.007
43.244
43.507
43.715
43.903
44.049
44.217
44.422
44.631
44.863
45.058
45.273
45.448
45.596
45.806
45.973
46.142
46.293
46.457
46.621
46.759
46.900
47.039
47.186
47.334
47.525
47.763
47.991
48.194
48.376
48.584
48.789
48.949
49.098
49.261
49.413
49.577
49.729
49.913
50.123
50.331
50.515
50.737
50.993
51.216
51.416
51.594
51.754
51.887
52.035
52.180
52.333
52.468
52.601
52.752
52.916
53.082
53.217
53.412
53.561
53.704
53.880
54.013
54.158
54.296
54.443
54.624
54.766
54.916
55.069
55.247
55.445
55.589
55.736
55.894
56.041
56.243
56.395
56.557
56.722
56.891
57.040
57.194
57.351
57.547
57.695
57.867
58.019
58.203
58.407
58.608
58.771
58.953
59.094
59.290
59.479
59.675
59.837
00.047
00.235
00.408
00.590
00.762
00.928
01.095
01.277
01.483
01.647
01.820
01.962
02.099
02.234
02.370
02.515
02.628
02.790
02.938
03.066
03.190
03.335
03.497
03.660
03.802
03.965
04.115
04.256
04.377
04.524
04.651
04.841
05.011
05.235
05.404
05.557
05.740
05.882
06.037
06.159
06.323
06.450
06.630
06.760
06.918
07.079
07.205
07.371
07.514
07.655
07.838
07.979
08.107
08.278
08.427
08.589
08.723
08.892
09.070
09.229
09.375
09.504
09.661
09.788
09.908
10.026
10.160
10.316
10.474
10.602
10.787
10.932
11.062
11.186
11.349
11.481
11.619
11.792
11.960
12.085
12.209
12.345
12.478
12.671
12.818
12.969
13.091
13.218
13.345
13.488
13.648
13.844
14.004
14.136
14.294
14.411
14.583
14.742
14.903
15.076
15.241
15.427
15.560
15.697
15.847
16.048
16.203
16.352
16.488
16.635
16.767
16.902
17.049
17.190
17.336
17.457
17.577
17.710
17.846
17.998
18.174
18.338
18.507
18.626
18.759
18.919
19.087
19.230
19.387
19.524
19.710
19.890
20.052
20.214
20.375
20.521
20.694
20.860
21.005
21.150
21.292
21.413
21.532
21.650
21.823
21.950
22.088
22.226
22.390
22.516
22.653
22.809
22.934
23.056
23.190
23.337
23.481
23.619
23.752
23.881
24.007
24.134
24.279
24.463
24.606
24.752
24.893
25.050
25.188
25.339
25.480
25.651
25.823
25.989
26.148
26.299
26.430
26.561
26.686
26.818
26.940
27.065
27.182
27.297
27.410
27.527
27.645
27.764
27.890
28.008
28.127
28.252
28.369
28.492
28.629
28.762
28.906
29.077
29.240
29.411
29.571
29.696
29.835
29.977
30.100
30.250
30.390
30.534
30.681
30.809
30.956
31.088
31.254
31.416
31.583
31.734
31.891
32.057
32.226
32.378
32.515
32.639
32.786
32.918
33.040
33.219
33.369
33.524
33.661
33.815
33.960
34.135
34.314
34.468
34.614
34.737
34.887
35.038
35.223
35.378
35.550
35.669
35.792
35.919
36.053
36.215
36.352
36.479
36.638
36.848
37.024
37.183
37.348
37.472
37.596
37.734
37.904
38.082
38.254
38.410
38.589
38.739
38.900
39.049
39.197
39.363
39.548
39.719
39.879
40.056
40.216
40.341
40.461
40.614
40.738
40.895
41.049
41.227
41.414
41.556
41.739
41.876
42.020
42.199
42.347
42.529
42.661
42.822
42.988
43.161
43.330
43.497
43.663
43.821
43.948
44.084
44.243
44.371
44.509
44.674
44.805
44.943
45.074
45.205
45.334
45.460
45.621
45.744
45.868
45.988
46.114
46.256
46.397
46.545
46.672
46.816
46.980
47.134
47.312
47.464
47.618
47.786
47.987
48.136
48.302
48.467
48.611
48.770
48.893
49.008
49.133
49.276
49.426
49.573
49.715
49.840
49.960
50.082
50.212
50.365
50.495
50.651
50.818
50.984
51.138
51.282
51.485
51.640
51.818
51.982
52.121
52.241
52.383
52.542
52.688
52.885
53.069
53.205
53.322
53.453
53.591
53.769
53.931
54.110
54.274
54.436
54.602
54.753
54.900
55.032
55.184
55.329
55.466
55.595
55.720
55.869
56.008
56.187
56.437
56.591
56.737
56.903
57.063
57.241
57.403
57.562
57.709
57.886
58.064
58.187
